Vertices
861
0.070711 -0.141421 0.09
0.06364 -0.13435 0.09
0.06364 -0.13435 0.1
0.070711 -0.141421 0.1
0.056569 -0.127279 0.09
0.056569 -0.127279 0.1
0.049497 -0.120208 0.09
0.049497 -0.120208 0.1
0.042426 -0.113137 0.09
0.042426 -0.113137 0.1
0.035355 -0.106066 0.09
0.035355 -0.106066 0.1
0.028284 -0.098995 0.09
0.028284 -0.098995 0.1
0.021213 -0.091924 0.09
0.021213 -0.091924 0.1
0.014142 -0.084853 0.09
0.014142 -0.084853 0.1
0.007071 -0.077782 0.09
0.007071 -0.077782 0.1
0 -0.070711 0.09
0 -0.070711 0.1
-0.007071 -0.06364 0.09
-0.007071 -0.06364 0.1
-0.014142 -0.056569 0.09
-0.014142 -0.056569 0.1
-0.021213 -0.049498 0.09
-0.021213 -0.049498 0.1
-0.028284 -0.042426 0.09
-0.028284 -0.042426 0.1
-0.035355 -0.035355 0.09
-0.035355 -0.035355 0.1
-0.042426 -0.028284 0.09
-0.042426 -0.028284 0.1
-0.049497 -0.021213 0.09
-0.049497 -0.021213 0.1
-0.056569 -0.014142 0.09
-0.056569 -0.014142 0.1
-0.06364 -0.007071 0.09
-0.06364 -0.007071 0.1
-0.070711 0 0.09
-0.070711 0 0.1
0.070711 -0.141421 0.08
0.06364 -0.13435 0.08
0.056569 -0.127279 0.08
0.049497 -0.120208 0.08
0.042426 -0.113137 0.08
0.035355 -0.106066 0.08
0.028284 -0.098995 0.08
0.021213 -0.091924 0.08
0.014142 -0.084853 0.08
0.007071 -0.077782 0.08
0 -0.070711 0.08
-0.007071 -0.06364 0.08
-0.014142 -0.056569 0.08
-0.021213 -0.049498 0.08
-0.028284 -0.042426 0.08
-0.035355 -0.035355 0.08
-0.042426 -0.028284 0.08
-0.049497 -0.021213 0.08
-0.056569 -0.014142 0.08
-0.06364 -0.007071 0.08
-0.070711 0 0.08
0.070711 -0.141421 0.07
0.06364 -0.13435 0.07
0.056569 -0.127279 0.07
0.049497 -0.120208 0.07
0.042426 -0.113137 0.07
0.035355 -0.106066 0.07
0.028284 -0.098995 0.07
0.021213 -0.091924 0.07
0.014142 -0.084853 0.07
0.007071 -0.077782 0.07
0 -0.070711 0.07
-0.007071 -0.06364 0.07
-0.014142 -0.056569 0.07
-0.021213 -0.049498 0.07
-0.028284 -0.042426 0.07
-0.035355 -0.035355 0.07
-0.042426 -0.028284 0.07
-0.049497 -0.021213 0.07
-0.056569 -0.014142 0.07
-0.06364 -0.007071 0.07
-0.070711 0 0.07
0.070711 -0.141421 0.06
0.06364 -0.13435 0.06
0.056569 -0.127279 0.06
0.049497 -0.120208 0.06
0.042426 -0.113137 0.06
0.035355 -0.106066 0.06
0.028284 -0.098995 0.06
0.021213 -0.091924 0.06
0.014142 -0.084853 0.06
0.007071 -0.077782 0.06
0 -0.070711 0.06
-0.007071 -0.06364 0.06
-0.014142 -0.056569 0.06
-0.021213 -0.049498 0.06
-0.028284 -0.042426 0.06
-0.035355 -0.035355 0.06
-0.042426 -0.028284 0.06
-0.049497 -0.021213 0.06
-0.056569 -0.014142 0.06
-0.06364 -0.007071 0.06
-0.070711 0 0.06
0.070711 -0.141421 0.05
0.06364 -0.13435 0.05
0.056569 -0.127279 0.05
0.049497 -0.120208 0.05
0.042426 -0.113137 0.05
0.035355 -0.106066 0.05
0.028284 -0.098995 0.05
0.021213 -0.091924 0.05
0.014142 -0.084853 0.05
0.007071 -0.077782 0.05
0 -0.070711 0.05
-0.007071 -0.06364 0.05
-0.014142 -0.056569 0.05
-0.021213 -0.049498 0.05
-0.028284 -0.042426 0.05
-0.035355 -0.035355 0.05
-0.042426 -0.028284 0.05
-0.049497 -0.021213 0.05
-0.056569 -0.014142 0.05
-0.06364 -0.007071 0.05
-0.070711 0 0.05
0.070711 -0.141421 0.04
0.06364 -0.13435 0.04
0.056569 -0.127279 0.04
0.049497 -0.120208 0.04
0.042426 -0.113137 0.04
0.035355 -0.106066 0.04
0.028284 -0.098995 0.04
0.021213 -0.091924 0.04
0.014142 -0.084853 0.04
0.007071 -0.077782 0.04
0 -0.070711 0.04
-0.007071 -0.06364 0.04
-0.014142 -0.056569 0.04
-0.021213 -0.049498 0.04
-0.028284 -0.042426 0.04
-0.035355 -0.035355 0.04
-0.042426 -0.028284 0.04
-0.049497 -0.021213 0.04
-0.056569 -0.014142 0.04
-0.06364 -0.007071 0.04
-0.070711 0 0.04
0.070711 -0.141421 0.03
0.06364 -0.13435 0.03
0.056569 -0.127279 0.03
0.049497 -0.120208 0.03
0.042426 -0.113137 0.03
0.035355 -0.106066 0.03
0.028284 -0.098995 0.03
0.021213 -0.091924 0.03
0.014142 -0.084853 0.03
0.007071 -0.077782 0.03
0 -0.070711 0.03
-0.007071 -0.06364 0.03
-0.014142 -0.056569 0.03
-0.021213 -0.049498 0.03
-0.028284 -0.042426 0.03
-0.035355 -0.035355 0.03
-0.042426 -0.028284 0.03
-0.049497 -0.021213 0.03
-0.056569 -0.014142 0.03
-0.06364 -0.007071 0.03
-0.070711 0 0.03
0.070711 -0.141421 0.02
0.06364 -0.13435 0.02
0.056569 -0.127279 0.02
0.049497 -0.120208 0.02
0.042426 -0.113137 0.02
0.035355 -0.106066 0.02
0.028284 -0.098995 0.02
0.021213 -0.091924 0.02
0.014142 -0.084853 0.02
0.007071 -0.077782 0.02
0 -0.070711 0.02
-0.007071 -0.06364 0.02
-0.014142 -0.056569 0.02
-0.021213 -0.049498 0.02
-0.028284 -0.042426 0.02
-0.035355 -0.035355 0.02
-0.042426 -0.028284 0.02
-0.049497 -0.021213 0.02
-0.056569 -0.014142 0.02
-0.06364 -0.007071 0.02
-0.070711 0 0.02
0.070711 -0.141421 0.01
0.06364 -0.13435 0.01
0.056569 -0.127279 0.01
0.049497 -0.120208 0.01
0.042426 -0.113137 0.01
0.035355 -0.106066 0.01
0.028284 -0.098995 0.01
0.021213 -0.091924 0.01
0.014142 -0.084853 0.01
0.007071 -0.077782 0.01
0 -0.070711 0.01
-0.007071 -0.06364 0.01
-0.014142 -0.056569 0.01
-0.021213 -0.049498 0.01
-0.028284 -0.042426 0.01
-0.035355 -0.035355 0.01
-0.042426 -0.028284 0.01
-0.049497 -0.021213 0.01
-0.056569 -0.014142 0.01
-0.06364 -0.007071 0.01
-0.070711 0 0.01
0.070711 -0.141421 0
0.06364 -0.13435 0
0.056569 -0.127279 0
0.049497 -0.120208 0
0.042426 -0.113137 0
0.035355 -0.106066 0
0.028284 -0.098995 0
0.021213 -0.091924 0
0.014142 -0.084853 0
0.007071 -0.077782 0
0 -0.070711 0
-0.007071 -0.06364 -0
-0.014142 -0.056569 -0
-0.021213 -0.049498 -0
-0.028284 -0.042426 -0
-0.035355 -0.035355 -0
-0.042426 -0.028284 -0
-0.049497 -0.021213 -0
-0.056569 -0.014142 -0
-0.06364 -0.007071 -0
-0.070711 0 -0
0.070711 -0.141421 -0.01
0.06364 -0.13435 -0.01
0.056569 -0.127279 -0.01
0.049497 -0.120208 -0.01
0.042426 -0.113137 -0.01
0.035355 -0.106066 -0.01
0.028284 -0.098995 -0.01
0.021213 -0.091924 -0.01
0.014142 -0.084853 -0.01
0.007071 -0.077782 -0.01
0 -0.070711 -0.01
-0.007071 -0.06364 -0.01
-0.014142 -0.056569 -0.01
-0.021213 -0.049498 -0.01
-0.028284 -0.042426 -0.01
-0.035355 -0.035355 -0.01
-0.042426 -0.028284 -0.01
-0.049497 -0.021213 -0.01
-0.056569 -0.014142 -0.01
-0.06364 -0.007071 -0.01
-0.070711 0 -0.01
0.070711 -0.141421 -0.02
0.06364 -0.13435 -0.02
0.056569 -0.127279 -0.02
0.049497 -0.120208 -0.02
0.042426 -0.113137 -0.02
0.035355 -0.106066 -0.02
0.028284 -0.098995 -0.02
0.021213 -0.091924 -0.02
0.014142 -0.084853 -0.02
0.007071 -0.077782 -0.02
0 -0.070711 -0.02
-0.007071 -0.06364 -0.02
-0.014142 -0.056569 -0.02
-0.021213 -0.049498 -0.02
-0.028284 -0.042426 -0.02
-0.035355 -0.035355 -0.02
-0.042426 -0.028284 -0.02
-0.049497 -0.021213 -0.02
-0.056569 -0.014142 -0.02
-0.06364 -0.007071 -0.02
-0.070711 0 -0.02
0.070711 -0.141421 -0.03
0.06364 -0.13435 -0.03
0.056569 -0.127279 -0.03
0.049497 -0.120208 -0.03
0.042426 -0.113137 -0.03
0.035355 -0.106066 -0.03
0.028284 -0.098995 -0.03
0.021213 -0.091924 -0.03
0.014142 -0.084853 -0.03
0.007071 -0.077782 -0.03
0 -0.070711 -0.03
-0.007071 -0.06364 -0.03
-0.014142 -0.056569 -0.03
-0.021213 -0.049498 -0.03
-0.028284 -0.042426 -0.03
-0.035355 -0.035355 -0.03
-0.042426 -0.028284 -0.03
-0.049497 -0.021213 -0.03
-0.056569 -0.014142 -0.03
-0.06364 -0.007071 -0.03
-0.070711 0 -0.03
0.070711 -0.141421 -0.04
0.06364 -0.13435 -0.04
0.056569 -0.127279 -0.04
0.049497 -0.120208 -0.04
0.042426 -0.113137 -0.04
0.035355 -0.106066 -0.04
0.028284 -0.098995 -0.04
0.021213 -0.091924 -0.04
0.014142 -0.084853 -0.04
0.007071 -0.077782 -0.04
0 -0.070711 -0.04
-0.007071 -0.06364 -0.04
-0.014142 -0.056569 -0.04
-0.021213 -0.049498 -0.04
-0.028284 -0.042426 -0.04
-0.035355 -0.035355 -0.04
-0.042426 -0.028284 -0.04
-0.049497 -0.021213 -0.04
-0.056569 -0.014142 -0.04
-0.06364 -0.007071 -0.04
-0.070711 0 -0.04
0.070711 -0.141421 -0.05
0.06364 -0.13435 -0.05
0.056569 -0.127279 -0.05
0.049497 -0.120208 -0.05
0.042426 -0.113137 -0.05
0.035355 -0.106066 -0.05
0.028284 -0.098995 -0.05
0.021213 -0.091924 -0.05
0.014142 -0.084853 -0.05
0.007071 -0.077782 -0.05
0 -0.070711 -0.05
-0.007071 -0.06364 -0.05
-0.014142 -0.056569 -0.05
-0.021213 -0.049498 -0.05
-0.028284 -0.042426 -0.05
-0.035355 -0.035355 -0.05
-0.042426 -0.028284 -0.05
-0.049497 -0.021213 -0.05
-0.056569 -0.014142 -0.05
-0.06364 -0.007071 -0.05
-0.070711 0 -0.05
0.070711 -0.141421 -0.06
0.06364 -0.13435 -0.06
0.056569 -0.127279 -0.06
0.049497 -0.120208 -0.06
0.042426 -0.113137 -0.06
0.035355 -0.106066 -0.06
0.028284 -0.098995 -0.06
0.021213 -0.091924 -0.06
0.014142 -0.084853 -0.06
0.007071 -0.077782 -0.06
0 -0.070711 -0.06
-0.007071 -0.06364 -0.06
-0.014142 -0.056569 -0.06
-0.021213 -0.049498 -0.06
-0.028284 -0.042426 -0.06
-0.035355 -0.035355 -0.06
-0.042426 -0.028284 -0.06
-0.049497 -0.021213 -0.06
-0.056569 -0.014142 -0.06
-0.06364 -0.007071 -0.06
-0.070711 0 -0.06
0.070711 -0.141421 -0.07
0.06364 -0.13435 -0.07
0.056569 -0.127279 -0.07
0.049497 -0.120208 -0.07
0.042426 -0.113137 -0.07
0.035355 -0.106066 -0.07
0.028284 -0.098995 -0.07
0.021213 -0.091924 -0.07
0.014142 -0.084853 -0.07
0.007071 -0.077782 -0.07
0 -0.070711 -0.07
-0.007071 -0.06364 -0.07
-0.014142 -0.056569 -0.07
-0.021213 -0.049498 -0.07
-0.028284 -0.042426 -0.07
-0.035355 -0.035355 -0.07
-0.042426 -0.028284 -0.07
-0.049497 -0.021213 -0.07
-0.056569 -0.014142 -0.07
-0.06364 -0.007071 -0.07
-0.070711 0 -0.07
0.070711 -0.141421 -0.08
0.06364 -0.13435 -0.08
0.056569 -0.127279 -0.08
0.049497 -0.120208 -0.08
0.042426 -0.113137 -0.08
0.035355 -0.106066 -0.08
0.028284 -0.098995 -0.08
0.021213 -0.091924 -0.08
0.014142 -0.084853 -0.08
0.007071 -0.077782 -0.08
0 -0.070711 -0.08
-0.007071 -0.06364 -0.08
-0.014142 -0.056569 -0.08
-0.021213 -0.049498 -0.08
-0.028284 -0.042426 -0.08
-0.035355 -0.035355 -0.08
-0.042426 -0.028284 -0.08
-0.049497 -0.021213 -0.08
-0.056569 -0.014142 -0.08
-0.06364 -0.007071 -0.08
-0.070711 0 -0.08
0.070711 -0.141421 -0.09
0.06364 -0.13435 -0.09
0.056569 -0.127279 -0.09
0.049497 -0.120208 -0.09
0.042426 -0.113137 -0.09
0.035355 -0.106066 -0.09
0.028284 -0.098995 -0.09
0.021213 -0.091924 -0.09
0.014142 -0.084853 -0.09
0.007071 -0.077782 -0.09
0 -0.070711 -0.09
-0.007071 -0.06364 -0.09
-0.014142 -0.056569 -0.09
-0.021213 -0.049498 -0.09
-0.028284 -0.042426 -0.09
-0.035355 -0.035355 -0.09
-0.042426 -0.028284 -0.09
-0.049497 -0.021213 -0.09
-0.056569 -0.014142 -0.09
-0.06364 -0.007071 -0.09
-0.070711 0 -0.09
0.070711 -0.141421 -0.1
0.06364 -0.13435 -0.1
0.056569 -0.127279 -0.1
0.049497 -0.120208 -0.1
0.042426 -0.113137 -0.1
0.035355 -0.106066 -0.1
0.028284 -0.098995 -0.1
0.021213 -0.091924 -0.1
0.014142 -0.084853 -0.1
0.007071 -0.077782 -0.1
0 -0.070711 -0.1
-0.007071 -0.06364 -0.1
-0.014142 -0.056569 -0.1
-0.021213 -0.049498 -0.1
-0.028284 -0.042426 -0.1
-0.035355 -0.035355 -0.1
-0.042426 -0.028284 -0.1
-0.049497 -0.021213 -0.1
-0.056569 -0.014142 -0.1
-0.06364 -0.007071 -0.1
-0.070711 0 -0.1
-0.06364 0.007071 0.09
-0.06364 0.007071 0.1
-0.056569 0.014142 0.09
-0.056569 0.014142 0.1
-0.049497 0.021213 0.09
-0.049497 0.021213 0.1
-0.042426 0.028284 0.09
-0.042426 0.028284 0.1
-0.035355 0.035355 0.09
-0.035355 0.035355 0.1
-0.028284 0.042426 0.09
-0.028284 0.042426 0.1
-0.021213 0.049497 0.09
-0.021213 0.049497 0.1
-0.014142 0.056569 0.09
-0.014142 0.056569 0.1
-0.007071 0.06364 0.09
-0.007071 0.06364 0.1
0 0.070711 0.09
0 0.070711 0.1
0.007071 0.077782 0.09
0.007071 0.077782 0.1
0.014142 0.084853 0.09
0.014142 0.084853 0.1
0.021213 0.091924 0.09
0.021213 0.091924 0.1
0.028284 0.098995 0.09
0.028284 0.098995 0.1
0.035355 0.106066 0.09
0.035355 0.106066 0.1
0.042426 0.113137 0.09
0.042426 0.113137 0.1
0.049497 0.120208 0.09
0.049497 0.120208 0.1
0.056568 0.127279 0.09
0.056568 0.127279 0.1
0.06364 0.13435 0.09
0.06364 0.13435 0.1
0.070711 0.141421 0.09
0.070711 0.141421 0.1
-0.06364 0.007071 0.08
-0.056569 0.014142 0.08
-0.049497 0.021213 0.08
-0.042426 0.028284 0.08
-0.035355 0.035355 0.08
-0.028284 0.042426 0.08
-0.021213 0.049497 0.08
-0.014142 0.056569 0.08
-0.007071 0.06364 0.08
0 0.070711 0.08
0.007071 0.077782 0.08
0.014142 0.084853 0.08
0.021213 0.091924 0.08
0.028284 0.098995 0.08
0.035355 0.106066 0.08
0.042426 0.113137 0.08
0.049497 0.120208 0.08
0.056568 0.127279 0.08
0.06364 0.13435 0.08
0.070711 0.141421 0.08
-0.06364 0.007071 0.07
-0.056569 0.014142 0.07
-0.049497 0.021213 0.07
-0.042426 0.028284 0.07
-0.035355 0.035355 0.07
-0.028284 0.042426 0.07
-0.021213 0.049497 0.07
-0.014142 0.056569 0.07
-0.007071 0.06364 0.07
0 0.070711 0.07
0.007071 0.077782 0.07
0.014142 0.084853 0.07
0.021213 0.091924 0.07
0.028284 0.098995 0.07
0.035355 0.106066 0.07
0.042426 0.113137 0.07
0.049497 0.120208 0.07
0.056568 0.127279 0.07
0.06364 0.13435 0.07
0.070711 0.141421 0.07
-0.06364 0.007071 0.06
-0.056569 0.014142 0.06
-0.049497 0.021213 0.06
-0.042426 0.028284 0.06
-0.035355 0.035355 0.06
-0.028284 0.042426 0.06
-0.021213 0.049497 0.06
-0.014142 0.056569 0.06
-0.007071 0.06364 0.06
0 0.070711 0.06
0.007071 0.077782 0.06
0.014142 0.084853 0.06
0.021213 0.091924 0.06
0.028284 0.098995 0.06
0.035355 0.106066 0.06
0.042426 0.113137 0.06
0.049497 0.120208 0.06
0.056568 0.127279 0.06
0.06364 0.13435 0.06
0.070711 0.141421 0.06
-0.06364 0.007071 0.05
-0.056569 0.014142 0.05
-0.049497 0.021213 0.05
-0.042426 0.028284 0.05
-0.035355 0.035355 0.05
-0.028284 0.042426 0.05
-0.021213 0.049497 0.05
-0.014142 0.056569 0.05
-0.007071 0.06364 0.05
0 0.070711 0.05
0.007071 0.077782 0.05
0.014142 0.084853 0.05
0.021213 0.091924 0.05
0.028284 0.098995 0.05
0.035355 0.106066 0.05
0.042426 0.113137 0.05
0.049497 0.120208 0.05
0.056568 0.127279 0.05
0.06364 0.13435 0.05
0.070711 0.141421 0.05
-0.06364 0.007071 0.04
-0.056569 0.014142 0.04
-0.049497 0.021213 0.04
-0.042426 0.028284 0.04
-0.035355 0.035355 0.04
-0.028284 0.042426 0.04
-0.021213 0.049497 0.04
-0.014142 0.056569 0.04
-0.007071 0.06364 0.04
0 0.070711 0.04
0.007071 0.077782 0.04
0.014142 0.084853 0.04
0.021213 0.091924 0.04
0.028284 0.098995 0.04
0.035355 0.106066 0.04
0.042426 0.113137 0.04
0.049497 0.120208 0.04
0.056568 0.127279 0.04
0.06364 0.13435 0.04
0.070711 0.141421 0.04
-0.06364 0.007071 0.03
-0.056569 0.014142 0.03
-0.049497 0.021213 0.03
-0.042426 0.028284 0.03
-0.035355 0.035355 0.03
-0.028284 0.042426 0.03
-0.021213 0.049497 0.03
-0.014142 0.056569 0.03
-0.007071 0.06364 0.03
0 0.070711 0.03
0.007071 0.077782 0.03
0.014142 0.084853 0.03
0.021213 0.091924 0.03
0.028284 0.098995 0.03
0.035355 0.106066 0.03
0.042426 0.113137 0.03
0.049497 0.120208 0.03
0.056568 0.127279 0.03
0.06364 0.13435 0.03
0.070711 0.141421 0.03
-0.06364 0.007071 0.02
-0.056569 0.014142 0.02
-0.049497 0.021213 0.02
-0.042426 0.028284 0.02
-0.035355 0.035355 0.02
-0.028284 0.042426 0.02
-0.021213 0.049497 0.02
-0.014142 0.056569 0.02
-0.007071 0.06364 0.02
0 0.070711 0.02
0.007071 0.077782 0.02
0.014142 0.084853 0.02
0.021213 0.091924 0.02
0.028284 0.098995 0.02
0.035355 0.106066 0.02
0.042426 0.113137 0.02
0.049497 0.120208 0.02
0.056568 0.127279 0.02
0.06364 0.13435 0.02
0.070711 0.141421 0.02
-0.06364 0.007071 0.01
-0.056569 0.014142 0.01
-0.049497 0.021213 0.01
-0.042426 0.028284 0.01
-0.035355 0.035355 0.01
-0.028284 0.042426 0.01
-0.021213 0.049497 0.01
-0.014142 0.056569 0.01
-0.007071 0.06364 0.01
0 0.070711 0.01
0.007071 0.077782 0.01
0.014142 0.084853 0.01
0.021213 0.091924 0.01
0.028284 0.098995 0.01
0.035355 0.106066 0.01
0.042426 0.113137 0.01
0.049497 0.120208 0.01
0.056568 0.127279 0.01
0.06364 0.13435 0.01
0.070711 0.141421 0.01
-0.06364 0.007071 -0
-0.056569 0.014142 -0
-0.049497 0.021213 -0
-0.042426 0.028284 -0
-0.035355 0.035355 -0
-0.028284 0.042426 -0
-0.021213 0.049497 -0
-0.014142 0.056569 -0
-0.007071 0.06364 -0
0 0.070711 0
0.007071 0.077782 0
0.014142 0.084853 0
0.021213 0.091924 0
0.028284 0.098995 0
0.035355 0.106066 0
0.042426 0.113137 0
0.049497 0.120208 0
0.056568 0.127279 0
0.06364 0.13435 0
0.070711 0.141421 0
-0.06364 0.007071 -0.01
-0.056569 0.014142 -0.01
-0.049497 0.021213 -0.01
-0.042426 0.028284 -0.01
-0.035355 0.035355 -0.01
-0.028284 0.042426 -0.01
-0.021213 0.049497 -0.01
-0.014142 0.056569 -0.01
-0.007071 0.06364 -0.01
0 0.070711 -0.01
0.007071 0.077782 -0.01
0.014142 0.084853 -0.01
0.021213 0.091924 -0.01
0.028284 0.098995 -0.01
0.035355 0.106066 -0.01
0.042426 0.113137 -0.01
0.049497 0.120208 -0.01
0.056568 0.127279 -0.01
0.06364 0.13435 -0.01
0.070711 0.141421 -0.01
-0.06364 0.007071 -0.02
-0.056569 0.014142 -0.02
-0.049497 0.021213 -0.02
-0.042426 0.028284 -0.02
-0.035355 0.035355 -0.02
-0.028284 0.042426 -0.02
-0.021213 0.049497 -0.02
-0.014142 0.056569 -0.02
-0.007071 0.06364 -0.02
0 0.070711 -0.02
0.007071 0.077782 -0.02
0.014142 0.084853 -0.02
0.021213 0.091924 -0.02
0.028284 0.098995 -0.02
0.035355 0.106066 -0.02
0.042426 0.113137 -0.02
0.049497 0.120208 -0.02
0.056568 0.127279 -0.02
0.06364 0.13435 -0.02
0.070711 0.141421 -0.02
-0.06364 0.007071 -0.03
-0.056569 0.014142 -0.03
-0.049497 0.021213 -0.03
-0.042426 0.028284 -0.03
-0.035355 0.035355 -0.03
-0.028284 0.042426 -0.03
-0.021213 0.049497 -0.03
-0.014142 0.056569 -0.03
-0.007071 0.06364 -0.03
0 0.070711 -0.03
0.007071 0.077782 -0.03
0.014142 0.084853 -0.03
0.021213 0.091924 -0.03
0.028284 0.098995 -0.03
0.035355 0.106066 -0.03
0.042426 0.113137 -0.03
0.049497 0.120208 -0.03
0.056568 0.127279 -0.03
0.06364 0.13435 -0.03
0.070711 0.141421 -0.03
-0.06364 0.007071 -0.04
-0.056569 0.014142 -0.04
-0.049497 0.021213 -0.04
-0.042426 0.028284 -0.04
-0.035355 0.035355 -0.04
-0.028284 0.042426 -0.04
-0.021213 0.049497 -0.04
-0.014142 0.056569 -0.04
-0.007071 0.06364 -0.04
0 0.070711 -0.04
0.007071 0.077782 -0.04
0.014142 0.084853 -0.04
0.021213 0.091924 -0.04
0.028284 0.098995 -0.04
0.035355 0.106066 -0.04
0.042426 0.113137 -0.04
0.049497 0.120208 -0.04
0.056568 0.127279 -0.04
0.06364 0.13435 -0.04
0.070711 0.141421 -0.04
-0.06364 0.007071 -0.05
-0.056569 0.014142 -0.05
-0.049497 0.021213 -0.05
-0.042426 0.028284 -0.05
-0.035355 0.035355 -0.05
-0.028284 0.042426 -0.05
-0.021213 0.049497 -0.05
-0.014142 0.056569 -0.05
-0.007071 0.06364 -0.05
0 0.070711 -0.05
0.007071 0.077782 -0.05
0.014142 0.084853 -0.05
0.021213 0.091924 -0.05
0.028284 0.098995 -0.05
0.035355 0.106066 -0.05
0.042426 0.113137 -0.05
0.049497 0.120208 -0.05
0.056568 0.127279 -0.05
0.06364 0.13435 -0.05
0.070711 0.141421 -0.05
-0.06364 0.007071 -0.06
-0.056569 0.014142 -0.06
-0.049497 0.021213 -0.06
-0.042426 0.028284 -0.06
-0.035355 0.035355 -0.06
-0.028284 0.042426 -0.06
-0.021213 0.049497 -0.06
-0.014142 0.056569 -0.06
-0.007071 0.06364 -0.06
0 0.070711 -0.06
0.007071 0.077782 -0.06
0.014142 0.084853 -0.06
0.021213 0.091924 -0.06
0.028284 0.098995 -0.06
0.035355 0.106066 -0.06
0.042426 0.113137 -0.06
0.049497 0.120208 -0.06
0.056568 0.127279 -0.06
0.06364 0.13435 -0.06
0.070711 0.141421 -0.06
-0.06364 0.007071 -0.07
-0.056569 0.014142 -0.07
-0.049497 0.021213 -0.07
-0.042426 0.028284 -0.07
-0.035355 0.035355 -0.07
-0.028284 0.042426 -0.07
-0.021213 0.049497 -0.07
-0.014142 0.056569 -0.07
-0.007071 0.06364 -0.07
0 0.070711 -0.07
0.007071 0.077782 -0.07
0.014142 0.084853 -0.07
0.021213 0.091924 -0.07
0.028284 0.098995 -0.07
0.035355 0.106066 -0.07
0.042426 0.113137 -0.07
0.049497 0.120208 -0.07
0.056568 0.127279 -0.07
0.06364 0.13435 -0.07
0.070711 0.141421 -0.07
-0.06364 0.007071 -0.08
-0.056569 0.014142 -0.08
-0.049497 0.021213 -0.08
-0.042426 0.028284 -0.08
-0.035355 0.035355 -0.08
-0.028284 0.042426 -0.08
-0.021213 0.049497 -0.08
-0.014142 0.056569 -0.08
-0.007071 0.06364 -0.08
0 0.070711 -0.08
0.007071 0.077782 -0.08
0.014142 0.084853 -0.08
0.021213 0.091924 -0.08
0.028284 0.098995 -0.08
0.035355 0.106066 -0.08
0.042426 0.113137 -0.08
0.049497 0.120208 -0.08
0.056568 0.127279 -0.08
0.06364 0.13435 -0.08
0.070711 0.141421 -0.08
-0.06364 0.007071 -0.09
-0.056569 0.014142 -0.09
-0.049497 0.021213 -0.09
-0.042426 0.028284 -0.09
-0.035355 0.035355 -0.09
-0.028284 0.042426 -0.09
-0.021213 0.049497 -0.09
-0.014142 0.056569 -0.09
-0.007071 0.06364 -0.09
0 0.070711 -0.09
0.007071 0.077782 -0.09
0.014142 0.084853 -0.09
0.021213 0.091924 -0.09
0.028284 0.098995 -0.09
0.035355 0.106066 -0.09
0.042426 0.113137 -0.09
0.049497 0.120208 -0.09
0.056568 0.127279 -0.09
0.06364 0.13435 -0.09
0.070711 0.141421 -0.09
-0.06364 0.007071 -0.1
-0.056569 0.014142 -0.1
-0.049497 0.021213 -0.1
-0.042426 0.028284 -0.1
-0.035355 0.035355 -0.1
-0.028284 0.042426 -0.1
-0.021213 0.049497 -0.1
-0.014142 0.056569 -0.1
-0.007071 0.06364 -0.1
0 0.070711 -0.1
0.007071 0.077782 -0.1
0.014142 0.084853 -0.1
0.021213 0.091924 -0.1
0.028284 0.098995 -0.1
0.035355 0.106066 -0.1
0.042426 0.113137 -0.1
0.049497 0.120208 -0.1
0.056568 0.127279 -0.1
0.06364 0.13435 -0.1
0.070711 0.141421 -0.1
Faces
1600
0 1 2
0 2 3
1 4 5
1 5 2
4 6 7
4 7 5
6 8 9
6 9 7
8 10 11
8 11 9
10 12 13
10 13 11
12 14 15
12 15 13
14 16 17
14 17 15
16 18 19
16 19 17
18 20 21
18 21 19
20 22 23
20 23 21
22 24 25
22 25 23
24 26 27
24 27 25
26 28 29
26 29 27
28 30 31
28 31 29
30 32 33
30 33 31
32 34 35
32 35 33
34 36 37
34 37 35
36 38 39
36 39 37
38 40 41
38 41 39
42 43 1
42 1 0
43 44 4
43 4 1
44 45 6
44 6 4
45 46 8
45 8 6
46 47 10
46 10 8
47 48 12
47 12 10
48 49 14
48 14 12
49 50 16
49 16 14
50 51 18
50 18 16
51 52 20
51 20 18
52 53 22
52 22 20
53 54 24
53 24 22
54 55 26
54 26 24
55 56 28
55 28 26
56 57 30
56 30 28
57 58 32
57 32 30
58 59 34
58 34 32
59 60 36
59 36 34
60 61 38
60 38 36
61 62 40
61 40 38
63 64 43
63 43 42
64 65 44
64 44 43
65 66 45
65 45 44
66 67 46
66 46 45
67 68 47
67 47 46
68 69 48
68 48 47
69 70 49
69 49 48
70 71 50
70 50 49
71 72 51
71 51 50
72 73 52
72 52 51
73 74 53
73 53 52
74 75 54
74 54 53
75 76 55
75 55 54
76 77 56
76 56 55
77 78 57
77 57 56
78 79 58
78 58 57
79 80 59
79 59 58
80 81 60
80 60 59
81 82 61
81 61 60
82 83 62
82 62 61
84 85 64
84 64 63
85 86 65
85 65 64
86 87 66
86 66 65
87 88 67
87 67 66
88 89 68
88 68 67
89 90 69
89 69 68
90 91 70
90 70 69
91 92 71
91 71 70
92 93 72
92 72 71
93 94 73
93 73 72
94 95 74
94 74 73
95 96 75
95 75 74
96 97 76
96 76 75
97 98 77
97 77 76
98 99 78
98 78 77
99 100 79
99 79 78
100 101 80
100 80 79
101 102 81
101 81 80
102 103 82
102 82 81
103 104 83
103 83 82
105 106 85
105 85 84
106 107 86
106 86 85
107 108 87
107 87 86
108 109 88
108 88 87
109 110 89
109 89 88
110 111 90
110 90 89
111 112 91
111 91 90
112 113 92
112 92 91
113 114 93
113 93 92
114 115 94
114 94 93
115 116 95
115 95 94
116 117 96
116 96 95
117 118 97
117 97 96
118 119 98
118 98 97
119 120 99
119 99 98
120 121 100
120 100 99
121 122 101
121 101 100
122 123 102
122 102 101
123 124 103
123 103 102
124 125 104
124 104 103
126 127 106
126 106 105
127 128 107
127 107 106
128 129 108
128 108 107
129 130 109
129 109 108
130 131 110
130 110 109
131 132 111
131 111 110
132 133 112
132 112 111
133 134 113
133 113 112
134 135 114
134 114 113
135 136 115
135 115 114
136 137 116
136 116 115
137 138 117
137 117 116
138 139 118
138 118 117
139 140 119
139 119 118
140 141 120
140 120 119
141 142 121
141 121 120
142 143 122
142 122 121
143 144 123
143 123 122
144 145 124
144 124 123
145 146 125
145 125 124
147 148 127
147 127 126
148 149 128
148 128 127
149 150 129
149 129 128
150 151 130
150 130 129
151 152 131
151 131 130
152 153 132
152 132 131
153 154 133
153 133 132
154 155 134
154 134 133
155 156 135
155 135 134
156 157 136
156 136 135
157 158 137
157 137 136
158 159 138
158 138 137
159 160 139
159 139 138
160 161 140
160 140 139
161 162 141
161 141 140
162 163 142
162 142 141
163 164 143
163 143 142
164 165 144
164 144 143
165 166 145
165 145 144
166 167 146
166 146 145
168 169 148
168 148 147
169 170 149
169 149 148
170 171 150
170 150 149
171 172 151
171 151 150
172 173 152
172 152 151
173 174 153
173 153 152
174 175 154
174 154 153
175 176 155
175 155 154
176 177 156
176 156 155
177 178 157
177 157 156
178 179 158
178 158 157
179 180 159
179 159 158
180 181 160
180 160 159
181 182 161
181 161 160
182 183 162
182 162 161
183 184 163
183 163 162
184 185 164
184 164 163
185 186 165
185 165 164
186 187 166
186 166 165
187 188 167
187 167 166
189 190 169
189 169 168
190 191 170
190 170 169
191 192 171
191 171 170
192 193 172
192 172 171
193 194 173
193 173 172
194 195 174
194 174 173
195 196 175
195 175 174
196 197 176
196 176 175
197 198 177
197 177 176
198 199 178
198 178 177
199 200 179
199 179 178
200 201 180
200 180 179
201 202 181
201 181 180
202 203 182
202 182 181
203 204 183
203 183 182
204 205 184
204 184 183
205 206 185
205 185 184
206 207 186
206 186 185
207 208 187
207 187 186
208 209 188
208 188 187
210 211 190
210 190 189
211 212 191
211 191 190
212 213 192
212 192 191
213 214 193
213 193 192
214 215 194
214 194 193
215 216 195
215 195 194
216 217 196
216 196 195
217 218 197
217 197 196
218 219 198
218 198 197
219 220 199
219 199 198
220 221 200
220 200 199
221 222 201
221 201 200
222 223 202
222 202 201
223 224 203
223 203 202
224 225 204
224 204 203
225 226 205
225 205 204
226 227 206
226 206 205
227 228 207
227 207 206
228 229 208
228 208 207
229 230 209
229 209 208
231 232 211
231 211 210
232 233 212
232 212 211
233 234 213
233 213 212
234 235 214
234 214 213
235 236 215
235 215 214
236 237 216
236 216 215
237 238 217
237 217 216
238 239 218
238 218 217
239 240 219
239 219 218
240 241 220
240 220 219
241 242 221
241 221 220
242 243 222
242 222 221
243 244 223
243 223 222
244 245 224
244 224 223
245 246 225
245 225 224
246 247 226
246 226 225
247 248 227
247 227 226
248 249 228
248 228 227
249 250 229
249 229 228
250 251 230
250 230 229
252 253 232
252 232 231
253 254 233
253 233 232
254 255 234
254 234 233
255 256 235
255 235 234
256 257 236
256 236 235
257 258 237
257 237 236
258 259 238
258 238 237
259 260 239
259 239 238
260 261 240
260 240 239
261 262 241
261 241 240
262 263 242
262 242 241
263 264 243
263 243 242
264 265 244
264 244 243
265 266 245
265 245 244
266 267 246
266 246 245
267 268 247
267 247 246
268 269 248
268 248 247
269 270 249
269 249 248
270 271 250
270 250 249
271 272 251
271 251 250
273 274 253
273 253 252
274 275 254
274 254 253
275 276 255
275 255 254
276 277 256
276 256 255
277 278 257
277 257 256
278 279 258
278 258 257
279 280 259
279 259 258
280 281 260
280 260 259
281 282 261
281 261 260
282 283 262
282 262 261
283 284 263
283 263 262
284 285 264
284 264 263
285 286 265
285 265 264
286 287 266
286 266 265
287 288 267
287 267 266
288 289 268
288 268 267
289 290 269
289 269 268
290 291 270
290 270 269
291 292 271
291 271 270
292 293 272
292 272 271
294 295 274
294 274 273
295 296 275
295 275 274
296 297 276
296 276 275
297 298 277
297 277 276
298 299 278
298 278 277
299 300 279
299 279 278
300 301 280
300 280 279
301 302 281
301 281 280
302 303 282
302 282 281
303 304 283
303 283 282
304 305 284
304 284 283
305 306 285
305 285 284
306 307 286
306 286 285
307 308 287
307 287 286
308 309 288
308 288 287
309 310 289
309 289 288
310 311 290
310 290 289
311 312 291
311 291 290
312 313 292
312 292 291
313 314 293
313 293 292
315 316 295
315 295 294
316 317 296
316 296 295
317 318 297
317 297 296
318 319 298
318 298 297
319 320 299
319 299 298
320 321 300
320 300 299
321 322 301
321 301 300
322 323 302
322 302 301
323 324 303
323 303 302
324 325 304
324 304 303
325 326 305
325 305 304
326 327 306
326 306 305
327 328 307
327 307 306
328 329 308
328 308 307
329 330 309
329 309 308
330 331 310
330 310 309
331 332 311
331 311 310
332 333 312
332 312 311
333 334 313
333 313 312
334 335 314
334 314 313
336 337 316
336 316 315
337 338 317
337 317 316
338 339 318
338 318 317
339 340 319
339 319 318
340 341 320
340 320 319
341 342 321
341 321 320
342 343 322
342 322 321
343 344 323
343 323 322
344 345 324
344 324 323
345 346 325
345 325 324
346 347 326
346 326 325
347 348 327
347 327 326
348 349 328
348 328 327
349 350 329
349 329 328
350 351 330
350 330 329
351 352 331
351 331 330
352 353 332
352 332 331
353 354 333
353 333 332
354 355 334
354 334 333
355 356 335
355 335 334
357 358 337
357 337 336
358 359 338
358 338 337
359 360 339
359 339 338
360 361 340
360 340 339
361 362 341
361 341 340
362 363 342
362 342 341
363 364 343
363 343 342
364 365 344
364 344 343
365 366 345
365 345 344
366 367 346
366 346 345
367 368 347
367 347 346
368 369 348
368 348 347
369 370 349
369 349 348
370 371 350
370 350 349
371 372 351
371 351 350
372 373 352
372 352 351
373 374 353
373 353 352
374 375 354
374 354 353
375 376 355
375 355 354
376 377 356
376 356 355
378 379 358
378 358 357
379 380 359
379 359 358
380 381 360
380 360 359
381 382 361
381 361 360
382 383 362
382 362 361
383 384 363
383 363 362
384 385 364
384 364 363
385 386 365
385 365 364
386 387 366
386 366 365
387 388 367
387 367 366
388 389 368
388 368 367
389 390 369
389 369 368
390 391 370
390 370 369
391 392 371
391 371 370
392 393 372
392 372 371
393 394 373
393 373 372
394 395 374
394 374 373
395 396 375
395 375 374
396 397 376
396 376 375
397 398 377
397 377 376
399 400 379
399 379 378
400 401 380
400 380 379
401 402 381
401 381 380
402 403 382
402 382 381
403 404 383
403 383 382
404 405 384
404 384 383
405 406 385
405 385 384
406 407 386
406 386 385
407 408 387
407 387 386
408 409 388
408 388 387
409 410 389
409 389 388
410 411 390
410 390 389
411 412 391
411 391 390
412 413 392
412 392 391
413 414 393
413 393 392
414 415 394
414 394 393
415 416 395
415 395 394
416 417 396
416 396 395
417 418 397
417 397 396
418 419 398
418 398 397
420 421 400
420 400 399
421 422 401
421 401 400
422 423 402
422 402 401
423 424 403
423 403 402
424 425 404
424 404 403
425 426 405
425 405 404
426 427 406
426 406 405
427 428 407
427 407 406
428 429 408
428 408 407
429 430 409
429 409 408
430 431 410
430 410 409
431 432 411
431 411 410
432 433 412
432 412 411
433 434 413
433 413 412
434 435 414
434 414 413
435 436 415
435 415 414
436 437 416
436 416 415
437 438 417
437 417 416
438 439 418
438 418 417
439 440 419
439 419 418
40 441 442
40 442 41
441 443 444
441 444 442
443 445 446
443 446 444
445 447 448
445 448 446
447 449 450
447 450 448
449 451 452
449 452 450
451 453 454
451 454 452
453 455 456
453 456 454
455 457 458
455 458 456
457 459 460
457 460 458
459 461 462
459 462 460
461 463 464
461 464 462
463 465 466
463 466 464
465 467 468
465 468 466
467 469 470
467 470 468
469 471 472
469 472 470
471 473 474
471 474 472
473 475 476
473 476 474
475 477 478
475 478 476
477 479 480
477 480 478
62 481 441
62 441 40
481 482 443
481 443 441
482 483 445
482 445 443
483 484 447
483 447 445
484 485 449
484 449 447
485 486 451
485 451 449
486 487 453
486 453 451
487 488 455
487 455 453
488 489 457
488 457 455
489 490 459
489 459 457
490 491 461
490 461 459
491 492 463
491 463 461
492 493 465
492 465 463
493 494 467
493 467 465
494 495 469
494 469 467
495 496 471
495 471 469
496 497 473
496 473 471
497 498 475
497 475 473
498 499 477
498 477 475
499 500 479
499 479 477
83 501 481
83 481 62
501 502 482
501 482 481
502 503 483
502 483 482
503 504 484
503 484 483
504 505 485
504 485 484
505 506 486
505 486 485
506 507 487
506 487 486
507 508 488
507 488 487
508 509 489
508 489 488
509 510 490
509 490 489
510 511 491
510 491 490
511 512 492
511 492 491
512 513 493
512 493 492
513 514 494
513 494 493
514 515 495
514 495 494
515 516 496
515 496 495
516 517 497
516 497 496
517 518 498
517 498 497
518 519 499
518 499 498
519 520 500
519 500 499
104 521 501
104 501 83
521 522 502
521 502 501
522 523 503
522 503 502
523 524 504
523 504 503
524 525 505
524 505 504
525 526 506
525 506 505
526 527 507
526 507 506
527 528 508
527 508 507
528 529 509
528 509 508
529 530 510
529 510 509
530 531 511
530 511 510
531 532 512
531 512 511
532 533 513
532 513 512
533 534 514
533 514 513
534 535 515
534 515 514
535 536 516
535 516 515
536 537 517
536 517 516
537 538 518
537 518 517
538 539 519
538 519 518
539 540 520
539 520 519
125 541 521
125 521 104
541 542 522
541 522 521
542 543 523
542 523 522
543 544 524
543 524 523
544 545 525
544 525 524
545 546 526
545 526 525
546 547 527
546 527 526
547 548 528
547 528 527
548 549 529
548 529 528
549 550 530
549 530 529
550 551 531
550 531 530
551 552 532
551 532 531
552 553 533
552 533 532
553 554 534
553 534 533
554 555 535
554 535 534
555 556 536
555 536 535
556 557 537
556 537 536
557 558 538
557 538 537
558 559 539
558 539 538
559 560 540
559 540 539
146 561 541
146 541 125
561 562 542
561 542 541
562 563 543
562 543 542
563 564 544
563 544 543
564 565 545
564 545 544
565 566 546
565 546 545
566 567 547
566 547 546
567 568 548
567 548 547
568 569 549
568 549 548
569 570 550
569 550 549
570 571 551
570 551 550
571 572 552
571 552 551
572 573 553
572 553 552
573 574 554
573 554 553
574 575 555
574 555 554
575 576 556
575 556 555
576 577 557
576 557 556
577 578 558
577 558 557
578 579 559
578 559 558
579 580 560
579 560 559
167 581 561
167 561 146
581 582 562
581 562 561
582 583 563
582 563 562
583 584 564
583 564 563
584 585 565
584 565 564
585 586 566
585 566 565
586 587 567
586 567 566
587 588 568
587 568 567
588 589 569
588 569 568
589 590 570
589 570 569
590 591 571
590 571 570
591 592 572
591 572 571
592 593 573
592 573 572
593 594 574
593 574 573
594 595 575
594 575 574
595 596 576
595 576 575
596 597 577
596 577 576
597 598 578
597 578 577
598 599 579
598 579 578
599 600 580
599 580 579
188 601 581
188 581 167
601 602 582
601 582 581
602 603 583
602 583 582
603 604 584
603 584 583
604 605 585
604 585 584
605 606 586
605 586 585
606 607 587
606 587 586
607 608 588
607 588 587
608 609 589
608 589 588
609 610 590
609 590 589
610 611 591
610 591 590
611 612 592
611 592 591
612 613 593
612 593 592
613 614 594
613 594 593
614 615 595
614 595 594
615 616 596
615 596 595
616 617 597
616 597 596
617 618 598
617 598 597
618 619 599
618 599 598
619 620 600
619 600 599
209 621 601
209 601 188
621 622 602
621 602 601
622 623 603
622 603 602
623 624 604
623 604 603
624 625 605
624 605 604
625 626 606
625 606 605
626 627 607
626 607 606
627 628 608
627 608 607
628 629 609
628 609 608
629 630 610
629 610 609
630 631 611
630 611 610
631 632 612
631 612 611
632 633 613
632 613 612
633 634 614
633 614 613
634 635 615
634 615 614
635 636 616
635 616 615
636 637 617
636 617 616
637 638 618
637 618 617
638 639 619
638 619 618
639 640 620
639 620 619
230 641 621
230 621 209
641 642 622
641 622 621
642 643 623
642 623 622
643 644 624
643 624 623
644 645 625
644 625 624
645 646 626
645 626 625
646 647 627
646 627 626
647 648 628
647 628 627
648 649 629
648 629 628
649 650 630
649 630 629
650 651 631
650 631 630
651 652 632
651 632 631
652 653 633
652 633 632
653 654 634
653 634 633
654 655 635
654 635 634
655 656 636
655 636 635
656 657 637
656 637 636
657 658 638
657 638 637
658 659 639
658 639 638
659 660 640
659 640 639
251 661 641
251 641 230
661 662 642
661 642 641
662 663 643
662 643 642
663 664 644
663 644 643
664 665 645
664 645 644
665 666 646
665 646 645
666 667 647
666 647 646
667 668 648
667 648 647
668 669 649
668 649 648
669 670 650
669 650 649
670 671 651
670 651 650
671 672 652
671 652 651
672 673 653
672 653 652
673 674 654
673 654 653
674 675 655
674 655 654
675 676 656
675 656 655
676 677 657
676 657 656
677 678 658
677 658 657
678 679 659
678 659 658
679 680 660
679 660 659
272 681 661
272 661 251
681 682 662
681 662 661
682 683 663
682 663 662
683 684 664
683 664 663
684 685 665
684 665 664
685 686 666
685 666 665
686 687 667
686 667 666
687 688 668
687 668 667
688 689 669
688 669 668
689 690 670
689 670 669
690 691 671
690 671 670
691 692 672
691 672 671
692 693 673
692 673 672
693 694 674
693 674 673
694 695 675
694 675 674
695 696 676
695 676 675
696 697 677
696 677 676
697 698 678
697 678 677
698 699 679
698 679 678
699 700 680
699 680 679
293 701 681
293 681 272
701 702 682
701 682 681
702 703 683
702 683 682
703 704 684
703 684 683
704 705 685
704 685 684
705 706 686
705 686 685
706 707 687
706 687 686
707 708 688
707 688 687
708 709 689
708 689 688
709 710 690
709 690 689
710 711 691
710 691 690
711 712 692
711 692 691
712 713 693
712 693 692
713 714 694
713 694 693
714 715 695
714 695 694
715 716 696
715 696 695
716 717 697
716 697 696
717 718 698
717 698 697
718 719 699
718 699 698
719 720 700
719 700 699
314 721 701
314 701 293
721 722 702
721 702 701
722 723 703
722 703 702
723 724 704
723 704 703
724 725 705
724 705 704
725 726 706
725 706 705
726 727 707
726 707 706
727 728 708
727 708 707
728 729 709
728 709 708
729 730 710
729 710 709
730 731 711
730 711 710
731 732 712
731 712 711
732 733 713
732 713 712
733 734 714
733 714 713
734 735 715
734 715 714
735 736 716
735 716 715
736 737 717
736 717 716
737 738 718
737 718 717
738 739 719
738 719 718
739 740 720
739 720 719
335 741 721
335 721 314
741 742 722
741 722 721
742 743 723
742 723 722
743 744 724
743 724 723
744 745 725
744 725 724
745 746 726
745 726 725
746 747 727
746 727 726
747 748 728
747 728 727
748 749 729
748 729 728
749 750 730
749 730 729
750 751 731
750 731 730
751 752 732
751 732 731
752 753 733
752 733 732
753 754 734
753 734 733
754 755 735
754 735 734
755 756 736
755 736 735
756 757 737
756 737 736
757 758 738
757 738 737
758 759 739
758 739 738
759 760 740
759 740 739
356 761 741
356 741 335
761 762 742
761 742 741
762 763 743
762 743 742
763 764 744
763 744 743
764 765 745
764 745 744
765 766 746
765 746 745
766 767 747
766 747 746
767 768 748
767 748 747
768 769 749
768 749 748
769 770 750
769 750 749
770 771 751
770 751 750
771 772 752
771 752 751
772 773 753
772 753 752
773 774 754
773 754 753
774 775 755
774 755 754
775 776 756
775 756 755
776 777 757
776 757 756
777 778 758
777 758 757
778 779 759
778 759 758
779 780 760
779 760 759
377 781 761
377 761 356
781 782 762
781 762 761
782 783 763
782 763 762
783 784 764
783 764 763
784 785 765
784 765 764
785 786 766
785 766 765
786 787 767
786 767 766
787 788 768
787 768 767
788 789 769
788 769 768
789 790 770
789 770 769
790 791 771
790 771 770
791 792 772
791 772 771
792 793 773
792 773 772
793 794 774
793 774 773
794 795 775
794 775 774
795 796 776
795 776 775
796 797 777
796 777 776
797 798 778
797 778 777
798 799 779
798 779 778
799 800 780
799 780 779
398 801 781
398 781 377
801 802 782
801 782 781
802 803 783
802 783 782
803 804 784
803 784 783
804 805 785
804 785 784
805 806 786
805 786 785
806 807 787
806 787 786
807 808 788
807 788 787
808 809 789
808 789 788
809 810 790
809 790 789
810 811 791
810 791 790
811 812 792
811 792 791
812 813 793
812 793 792
813 814 794
813 794 793
814 815 795
814 795 794
815 816 796
815 796 795
816 817 797
816 797 796
817 818 798
817 798 797
818 819 799
818 799 798
819 820 800
819 800 799
419 821 801
419 801 398
821 822 802
821 802 801
822 823 803
822 803 802
823 824 804
823 804 803
824 825 805
824 805 804
825 826 806
825 806 805
826 827 807
826 807 806
827 828 808
827 808 807
828 829 809
828 809 808
829 830 810
829 810 809
830 831 811
830 811 810
831 832 812
831 812 811
832 833 813
832 813 812
833 834 814
833 814 813
834 835 815
834 815 814
835 836 816
835 816 815
836 837 817
836 817 816
837 838 818
837 818 817
838 839 819
838 819 818
839 840 820
839 820 819
440 841 821
440 821 419
841 842 822
841 822 821
842 843 823
842 823 822
843 844 824
843 824 823
844 845 825
844 825 824
845 846 826
845 826 825
846 847 827
846 827 826
847 848 828
847 828 827
848 849 829
848 829 828
849 850 830
849 830 829
850 851 831
850 831 830
851 852 832
851 832 831
852 853 833
852 833 832
853 854 834
853 834 833
854 855 835
854 835 834
855 856 836
855 836 835
856 857 837
856 837 836
857 858 838
857 838 837
858 859 839
858 839 838
859 860 840
859 840 839
QuadraturePoints
4
0.58541 0.138197 0.138197 0.25
0.138197 0.58541 0.138197 0.25
0.138197 0.138197 0.58541 0.25
0.333333 0.333333 0.333333 0.25
